(kicad_pcb (version 20171130) (host pcbnew 5.1.12-84ad8e8a86~92~ubuntu20.04.1)

  (general
    (thickness 1.6)
    (drawings 14)
    (tracks 862)
    (zones 0)
    (modules 117)
    (nets 132)
  )

  (page USLetter)
  (title_block
    (title "Hermes Lite2 IO Connector")
    (date 2022-05-14)
    (rev D)
    (company N2ADR)
  )

  (layers
    (0 F.Cu signal)
    (1 In1.Cu signal)
    (2 In2.Cu signal)
    (31 B.Cu signal)
    (32 B.Adhes user)
    (33 F.Adhes user)
    (34 B.Paste user)
    (35 F.Paste user)
    (36 B.SilkS user)
    (37 F.SilkS user)
    (38 B.Mask user)
    (39 F.Mask user)
    (40 Dwgs.User user)
    (41 Cmts.User user)
    (42 Eco1.User user)
    (43 Eco2.User user)
    (44 Edge.Cuts user)
    (45 Margin user)
    (46 B.CrtYd user)
    (47 F.CrtYd user)
    (48 B.Fab user hide)
    (49 F.Fab user hide)
  )

  (setup
    (last_trace_width 0.25)
    (user_trace_width 0.25)
    (user_trace_width 0.3)
    (user_trace_width 0.35)
    (user_trace_width 0.4)
    (user_trace_width 0.5)
    (user_trace_width 0.6)
    (user_trace_width 0.8)
    (user_trace_width 1)
    (user_trace_width 1.4)
    (user_trace_width 1.6)
    (trace_clearance 0.2)
    (zone_clearance 0)
    (zone_45_only no)
    (trace_min 0.2)
    (via_size 0.8)
    (via_drill 0.4)
    (via_min_size 0.4)
    (via_min_drill 0.3)
    (user_via 0.5 0.3)
    (user_via 0.6 0.4)
    (user_via 0.8 0.5)
    (user_via 1 0.7)
    (uvia_size 0.3)
    (uvia_drill 0.1)
    (uvias_allowed no)
    (uvia_min_size 0.2)
    (uvia_min_drill 0.1)
    (edge_width 0.05)
    (segment_width 0.2)
    (pcb_text_width 0.3)
    (pcb_text_size 1.5 1.5)
    (mod_edge_width 0.12)
    (mod_text_size 1 1)
    (mod_text_width 0.15)
    (pad_size 3.5 1.7)
    (pad_drill 0)
    (pad_to_mask_clearance 0)
    (aux_axis_origin 0 0)
    (visible_elements FFFFFF7F)
    (pcbplotparams
      (layerselection 0x010fc_ffffffff)
      (usegerberextensions false)
      (usegerberattributes true)
      (usegerberadvancedattributes true)
      (creategerberjobfile true)
      (excludeedgelayer true)
      (linewidth 0.100000)
      (plotframeref false)
      (viasonmask false)
      (mode 1)
      (useauxorigin false)
      (hpglpennumber 1)
      (hpglpenspeed 20)
      (hpglpendiameter 15.000000)
      (psnegative false)
      (psa4output false)
      (plotreference true)
      (plotvalue true)
      (plotinvisibletext false)
      (padsonsilk false)
      (subtractmaskfromsilk false)
      (outputformat 1)
      (mirror false)
      (drillshape 1)
      (scaleselection 1)
      (outputdirectory ""))
  )

  (net 0 "")
  (net 1 "Net-(J1-Pad35)")
  (net 2 "Net-(J1-Pad37)")
  (net 3 "Net-(J1-Pad39)")
  (net 4 "Net-(U1-Pad30)")
  (net 5 "Net-(U1-Pad31)")
  (net 6 "Net-(U1-Pad32)")
  (net 7 "Net-(U1-Pad34)")
  (net 8 "Net-(U1-Pad36)")
  (net 9 "Net-(U1-Pad37)")
  (net 10 "Net-(U1-Pad40)")
  (net 11 "Net-(U1-Pad41)")
  (net 12 "Net-(U1-Pad43)")
  (net 13 "Net-(C1-Pad1)")
  (net 14 "Net-(C1-Pad2)")
  (net 15 "Net-(C2-Pad1)")
  (net 16 "Net-(C3-Pad1)")
  (net 17 VSUP)
  (net 18 GND)
  (net 19 +3V3)
  (net 20 +5V)
  (net 21 "Net-(Q2-Pad1)")
  (net 22 "Net-(B5-Pad1)")
  (net 23 "Net-(B5-Pad2)")
  (net 24 "Net-(B6-Pad2)")
  (net 25 "Net-(B6-Pad1)")
  (net 26 "Net-(B7-Pad1)")
  (net 27 "Net-(B7-Pad2)")
  (net 28 "Net-(B8-Pad2)")
  (net 29 "Net-(B8-Pad1)")
  (net 30 "Net-(U1-Pad35)")
  (net 31 "Net-(J5-Pad1)")
  (net 32 "Net-(J5-Pad2)")
  (net 33 "Net-(J5-Pad3)")
  (net 34 "Net-(J5-Pad4)")
  (net 35 "Net-(J5-Pad5)")
  (net 36 "Net-(J5-Pad6)")
  (net 37 "Net-(J5-Pad7)")
  (net 38 "Net-(J5-Pad8)")
  (net 39 "Net-(J5-Pad9)")
  (net 40 "Net-(R8-Pad2)")
  (net 41 "Net-(Q3-Pad1)")
  (net 42 "Net-(Q4-Pad2)")
  (net 43 "Net-(Q5-Pad1)")
  (net 44 "Net-(J4-Pad1)")
  (net 45 "Net-(J4-Pad3)")
  (net 46 "Net-(J4-Pad4)")
  (net 47 "Net-(J4-Pad5)")
  (net 48 "Net-(J4-Pad6)")
  (net 49 "Net-(J4-Pad7)")
  (net 50 "Net-(J6-Pad1)")
  (net 51 "Net-(J6-Pad2)")
  (net 52 "Net-(J6-Pad3)")
  (net 53 "Net-(J6-Pad4)")
  (net 54 "Net-(J6-Pad5)")
  (net 55 "Net-(J6-Pad6)")
  (net 56 "Net-(J6-Pad7)")
  (net 57 "Net-(J6-Pad8)")
  (net 58 "Net-(B2-Pad1)")
  (net 59 "Net-(D2-Pad2)")
  (net 60 "Net-(J8-Pad1)")
  (net 61 "Net-(J8-Pad2)")
  (net 62 "Net-(J8-Pad3)")
  (net 63 "Net-(J8-Pad4)")
  (net 64 "Net-(D3-Pad2)")
  (net 65 "Net-(D4-Pad2)")
  (net 66 "Net-(D5-Pad2)")
  (net 67 "Net-(D6-Pad1)")
  (net 68 "Net-(D7-Pad2)")
  (net 69 "Net-(J8-Pad5)")
  (net 70 "Net-(D1-Pad1)")
  (net 71 "Net-(J1-Pad3)")
  (net 72 "Net-(J1-Pad19)")
  (net 73 "Net-(J1-Pad25)")
  (net 74 "Net-(J1-Pad27)")
  (net 75 SDA)
  (net 76 SCL)
  (net 77 "Net-(P1-Pad1)")
  (net 78 "Net-(P2-Pad1)")
  (net 79 "Net-(P3-Pad1)")
  (net 80 "Net-(P4-Pad1)")
  (net 81 "Net-(U11-Pad1)")
  (net 82 "Net-(J12-Pad1)")
  (net 83 "Net-(J4-Pad2)")
  (net 84 In5)
  (net 85 In4)
  (net 86 In3)
  (net 87 In2)
  (net 88 In1)
  (net 89 "Net-(U1-Pad7)")
  (net 90 Out1)
  (net 91 Out2)
  (net 92 Out3)
  (net 93 Out4)
  (net 94 Out6)
  (net 95 Out5)
  (net 96 Out8)
  (net 97 Out7)
  (net 98 "Net-(B2-Pad2)")
  (net 99 "Net-(C5-Pad1)")
  (net 100 GPIO13)
  (net 101 GPIO3)
  (net 102 GPIO1)
  (net 103 GPIO4)
  (net 104 GPIO12)
  (net 105 RF3)
  (net 106 HPF)
  (net 107 "Net-(J1-Pad41)")
  (net 108 "Net-(J1-Pad42)")
  (net 109 "Net-(J1-Pad43)")
  (net 110 "Net-(J1-Pad44)")
  (net 111 "Net-(J3-Pad1)")
  (net 112 "Net-(Q6-Pad1)")
  (net 113 "Net-(B11-Pad1)")
  (net 114 "Net-(R28-Pad1)")
  (net 115 "Net-(J2-Pad1)")
  (net 116 "Net-(J2-Pad2)")
  (net 117 "Net-(J2-Pad4)")
  (net 118 "Net-(J2-Pad5)")
  (net 119 "Net-(B18-Pad1)")
  (net 120 "Net-(B19-Pad1)")
  (net 121 "Net-(B20-Pad1)")
  (net 122 "Net-(B21-Pad1)")
  (net 123 "Net-(J10-Pad1)")
  (net 124 "Net-(R4-Pad2)")
  (net 125 "Net-(R34-Pad1)")
  (net 126 "Net-(R35-Pad1)")
  (net 127 "Net-(R36-Pad1)")
  (net 128 "Net-(U6-Pad6)")
  (net 129 "Net-(U6-Pad8)")
  (net 130 "Net-(Q2-Pad3)")
  (net 131 "Net-(Q3-Pad3)")

  (net_class Default "This is the default net class."
    (clearance 0.2)
    (trace_width 0.25)
    (via_dia 0.8)
    (via_drill 0.4)
    (uvia_dia 0.3)
    (uvia_drill 0.1)
    (add_net +3V3)
    (add_net +5V)
    (add_net GND)
    (add_net GPIO1)
    (add_net GPIO12)
    (add_net GPIO13)
    (add_net GPIO3)
    (add_net GPIO4)
    (add_net HPF)
    (add_net In1)
    (add_net In2)
    (add_net In3)
    (add_net In4)
    (add_net In5)
    (add_net "Net-(B11-Pad1)")
    (add_net "Net-(B18-Pad1)")
    (add_net "Net-(B19-Pad1)")
    (add_net "Net-(B2-Pad1)")
    (add_net "Net-(B2-Pad2)")
    (add_net "Net-(B20-Pad1)")
    (add_net "Net-(B21-Pad1)")
    (add_net "Net-(B5-Pad1)")
    (add_net "Net-(B5-Pad2)")
    (add_net "Net-(B6-Pad1)")
    (add_net "Net-(B6-Pad2)")
    (add_net "Net-(B7-Pad1)")
    (add_net "Net-(B7-Pad2)")
    (add_net "Net-(B8-Pad1)")
    (add_net "Net-(B8-Pad2)")
    (add_net "Net-(C1-Pad1)")
    (add_net "Net-(C1-Pad2)")
    (add_net "Net-(C2-Pad1)")
    (add_net "Net-(C3-Pad1)")
    (add_net "Net-(C5-Pad1)")
    (add_net "Net-(D1-Pad1)")
    (add_net "Net-(D2-Pad2)")
    (add_net "Net-(D3-Pad2)")
    (add_net "Net-(D4-Pad2)")
    (add_net "Net-(D5-Pad2)")
    (add_net "Net-(D6-Pad1)")
    (add_net "Net-(D7-Pad2)")
    (add_net "Net-(J1-Pad19)")
    (add_net "Net-(J1-Pad25)")
    (add_net "Net-(J1-Pad27)")
    (add_net "Net-(J1-Pad3)")
    (add_net "Net-(J1-Pad35)")
    (add_net "Net-(J1-Pad37)")
    (add_net "Net-(J1-Pad39)")
    (add_net "Net-(J1-Pad41)")
    (add_net "Net-(J1-Pad42)")
    (add_net "Net-(J1-Pad43)")
    (add_net "Net-(J1-Pad44)")
    (add_net "Net-(J10-Pad1)")
    (add_net "Net-(J12-Pad1)")
    (add_net "Net-(J2-Pad1)")
    (add_net "Net-(J2-Pad2)")
    (add_net "Net-(J2-Pad4)")
    (add_net "Net-(J2-Pad5)")
    (add_net "Net-(J3-Pad1)")
    (add_net "Net-(J4-Pad1)")
    (add_net "Net-(J4-Pad2)")
    (add_net "Net-(J4-Pad3)")
    (add_net "Net-(J4-Pad4)")
    (add_net "Net-(J4-Pad5)")
    (add_net "Net-(J4-Pad6)")
    (add_net "Net-(J4-Pad7)")
    (add_net "Net-(J5-Pad1)")
    (add_net "Net-(J5-Pad2)")
    (add_net "Net-(J5-Pad3)")
    (add_net "Net-(J5-Pad4)")
    (add_net "Net-(J5-Pad5)")
    (add_net "Net-(J5-Pad6)")
    (add_net "Net-(J5-Pad7)")
    (add_net "Net-(J5-Pad8)")
    (add_net "Net-(J5-Pad9)")
    (add_net "Net-(J6-Pad1)")
    (add_net "Net-(J6-Pad2)")
    (add_net "Net-(J6-Pad3)")
    (add_net "Net-(J6-Pad4)")
    (add_net "Net-(J6-Pad5)")
    (add_net "Net-(J6-Pad6)")
    (add_net "Net-(J6-Pad7)")
    (add_net "Net-(J6-Pad8)")
    (add_net "Net-(J8-Pad1)")
    (add_net "Net-(J8-Pad2)")
    (add_net "Net-(J8-Pad3)")
    (add_net "Net-(J8-Pad4)")
    (add_net "Net-(J8-Pad5)")
    (add_net "Net-(P1-Pad1)")
    (add_net "Net-(P2-Pad1)")
    (add_net "Net-(P3-Pad1)")
    (add_net "Net-(P4-Pad1)")
    (add_net "Net-(Q2-Pad1)")
    (add_net "Net-(Q2-Pad3)")
    (add_net "Net-(Q3-Pad1)")
    (add_net "Net-(Q3-Pad3)")
    (add_net "Net-(Q4-Pad2)")
    (add_net "Net-(Q5-Pad1)")
    (add_net "Net-(Q6-Pad1)")
    (add_net "Net-(R28-Pad1)")
    (add_net "Net-(R34-Pad1)")
    (add_net "Net-(R35-Pad1)")
    (add_net "Net-(R36-Pad1)")
    (add_net "Net-(R4-Pad2)")
    (add_net "Net-(R8-Pad2)")
    (add_net "Net-(U1-Pad30)")
    (add_net "Net-(U1-Pad31)")
    (add_net "Net-(U1-Pad32)")
    (add_net "Net-(U1-Pad34)")
    (add_net "Net-(U1-Pad35)")
    (add_net "Net-(U1-Pad36)")
    (add_net "Net-(U1-Pad37)")
    (add_net "Net-(U1-Pad40)")
    (add_net "Net-(U1-Pad41)")
    (add_net "Net-(U1-Pad43)")
    (add_net "Net-(U1-Pad7)")
    (add_net "Net-(U11-Pad1)")
    (add_net "Net-(U6-Pad6)")
    (add_net "Net-(U6-Pad8)")
    (add_net Out1)
    (add_net Out2)
    (add_net Out3)
    (add_net Out4)
    (add_net Out5)
    (add_net Out6)
    (add_net Out7)
    (add_net Out8)
    (add_net RF3)
    (add_net SCL)
    (add_net SDA)
    (add_net VSUP)
  )

  (module Local:SSOP-18_4.4x6.5mm_P0.65mm (layer F.Cu) (tedit 6272F30E) (tstamp 62735BDB)
    (at 163.8 103.2 180)
    (descr "SSOP18: plastic shrink small outline package; 18 leads; body width 4.4 mm (http://toshiba.semicon-storage.com/info/docget.jsp?did=30523&prodName=TBD62783APG)")
    (tags "SSOP 0.65")
    (path /6223DAA5)
    (attr smd)
    (fp_text reference U8 (at 1.31 -4.54) (layer F.SilkS)
      (effects (font (size 1 1) (thickness 0.15)))
    )
    (fp_text value TBD62381AFNG,EL (at 0 4.2) (layer F.Fab)
      (effects (font (size 1 1) (thickness 0.15)))
    )
    (fp_line (start -3.75 3.47956) (end -3.75 -3.52044) (layer F.CrtYd) (width 0.05))
    (fp_line (start 3.75 3.5) (end -3.75 3.5) (layer F.CrtYd) (width 0.05))
    (fp_line (start 3.75 -3.5) (end 3.75 3.5) (layer F.CrtYd) (width 0.05))
    (fp_line (start -3.75 -3.5) (end 3.75 -3.5) (layer F.CrtYd) (width 0.05))
    (fp_line (start 2.31 3.36) (end 2.31 3.06) (layer F.SilkS) (width 0.12))
    (fp_line (start -2.31 3.36) (end 2.31 3.36) (layer F.SilkS) (width 0.12))
    (fp_line (start -2.31 3.06) (end -2.31 3.36) (layer F.SilkS) (width 0.12))
    (fp_line (start 2.31 -3.36) (end 2.31 -3.06) (layer F.SilkS) (width 0.12))
    (fp_line (start -2.31 -3.36) (end 2.31 -3.36) (layer F.SilkS) (width 0.12))
    (fp_line (start -2.31 -3.06) (end -2.31 -3.36) (layer F.SilkS) (width 0.12))
    (fp_line (start -3.2 -3.06) (end -2.31 -3.06) (layer F.SilkS) (width 0.12))
    (fp_line (start -2.2 -2.25) (end -1.2 -3.25) (layer F.Fab) (width 0.1))
    (fp_line (start -2.2 3.25) (end -2.2 -2.25) (layer F.Fab) (width 0.1))
    (fp_line (start 2.2 3.25) (end -2.2 3.25) (layer F.Fab) (width 0.1))
    (fp_line (start 2.2 -3.25) (end 2.2 3.25) (layer F.Fab) (width 0.1))
    (fp_line (start -1.2 -3.25) (end 2.2 -3.25) (layer F.Fab) (width 0.1))
    (fp_text user %R (at 0 0) (layer F.Fab)
      (effects (font (size 1 1) (thickness 0.15)))
    )
    (pad 10 smd rect (at 2.862 2.6 180) (size 1.475 0.4) (layers F.Cu F.Paste F.Mask)
      (net 20 +5V))
    (pad 11 smd rect (at 2.862 1.95 180) (size 1.475 0.4) (layers F.Cu F.Paste F.Mask)
      (net 51 "Net-(J6-Pad2)"))
    (pad 12 smd rect (at 2.862 1.3 180) (size 1.475 0.4) (layers F.Cu F.Paste F.Mask)
      (net 50 "Net-(J6-Pad1)"))
    (pad 13 smd rect (at 2.862 0.65 180) (size 1.475 0.4) (layers F.Cu F.Paste F.Mask)
      (net 53 "Net-(J6-Pad4)"))
    (pad 14 smd rect (at 2.862 0 180) (size 1.475 0.4) (layers F.Cu F.Paste F.Mask)
      (net 52 "Net-(J6-Pad3)"))
    (pad 15 smd rect (at 2.862 -0.65 180) (size 1.475 0.4) (layers F.Cu F.Paste F.Mask)
      (net 55 "Net-(J6-Pad6)"))
    (pad 16 smd rect (at 2.862 -1.3 180) (size 1.475 0.4) (layers F.Cu F.Paste F.Mask)
      (net 54 "Net-(J6-Pad5)"))
    (pad 17 smd rect (at 2.862 -1.95 180) (size 1.475 0.4) (layers F.Cu F.Paste F.Mask)
      (net 57 "Net-(J6-Pad8)"))
    (pad 18 smd rect (at 2.862 -2.6 180) (size 1.475 0.4) (layers F.Cu F.Paste F.Mask)
      (net 56 "Net-(J6-Pad7)"))
    (pad 9 smd rect (at -2.862 2.6 180) (size 1.475 0.4) (layers F.Cu F.Paste F.Mask)
      (net 18 GND))
    (pad 8 smd rect (at -2.862 1.95 180) (size 1.475 0.4) (layers F.Cu F.Paste F.Mask)
      (net 91 Out2))
    (pad 7 smd rect (at -2.862 1.3 180) (size 1.475 0.4) (layers F.Cu F.Paste F.Mask)
      (net 90 Out1))
    (pad 6 smd rect (at -2.862 0.65 180) (size 1.475 0.4) (layers F.Cu F.Paste F.Mask)
      (net 93 Out4))
    (pad 5 smd rect (at -2.862 0 180) (size 1.475 0.4) (layers F.Cu F.Paste F.Mask)
      (net 92 Out3))
    (pad 4 smd rect (at -2.862 -0.65 180) (size 1.475 0.4) (layers F.Cu F.Paste F.Mask)
      (net 94 Out6))
    (pad 3 smd rect (at -2.862 -1.3 180) (size 1.475 0.4) (layers F.Cu F.Paste F.Mask)
      (net 95 Out5))
    (pad 2 smd rect (at -2.862 -1.95 180) (size 1.475 0.4) (layers F.Cu F.Paste F.Mask)
      (net 96 Out8))
    (pad 1 smd rect (at -2.862 -2.6 180) (size 1.475 0.4) (layers F.Cu F.Paste F.Mask)
      (net 97 Out7))
    (model ${KISYS3DMOD}/Package_SO.3dshapes/SSOP-18_4.4x6.5mm_P0.65mm.wrl
      (at (xyz 0 0 0))
      (scale (xyz 1 1 1))
      (rotate (xyz 0 0 0))
    )
  )

  (module Capacitor_SMD:C_0805_2012Metric_Pad1.18x1.45mm_HandSolder (layer F.Cu) (tedit 5F68FEEF) (tstamp 625F0914)
    (at 122.7 90.47)
    (descr "Capacitor SMD 0805 (2012 Metric), square (rectangular) end terminal, IPC_7351 nominal with elongated pad for handsoldering. (Body size source: IPC-SM-782 page 76, https://www.pcb-3d.com/wordpress/wp-content/uploads/ipc-sm-782a_amendment_1_and_2.pdf, https://docs.google.com/spreadsheets/d/1BsfQQcO9C6DZCsRaXUlFlo91Tg2WpOkGARC1WS5S8t0/edit?usp=sharing), generated with kicad-footprint-generator")
    (tags "capacitor handsolder")
    (path /62C56F19)
    (attr smd)
    (fp_text reference B20 (at 0 -1.68 180) (layer F.SilkS)
      (effects (font (size 1 1) (thickness 0.15)))
    )
    (fp_text value 100n (at 0 1.68 180) (layer F.Fab)
      (effects (font (size 1 1) (thickness 0.15)))
    )
    (fp_line (start -1 0.625) (end -1 -0.625) (layer F.Fab) (width 0.1))
    (fp_line (start -1 -0.625) (end 1 -0.625) (layer F.Fab) (width 0.1))
    (fp_line (start 1 -0.625) (end 1 0.625) (layer F.Fab) (width 0.1))
    (fp_line (start 1 0.625) (end -1 0.625) (layer F.Fab) (width 0.1))
    (fp_line (start -0.261252 -0.735) (end 0.261252 -0.735) (layer F.SilkS) (width 0.12))
    (fp_line (start -0.261252 0.735) (end 0.261252 0.735) (layer F.SilkS) (width 0.12))
    (fp_line (start -1.88 0.98) (end -1.88 -0.98) (layer F.CrtYd) (width 0.05))
    (fp_line (start -1.88 -0.98) (end 1.88 -0.98) (layer F.CrtYd) (width 0.05))
    (fp_line (start 1.88 -0.98) (end 1.88 0.98) (layer F.CrtYd) (width 0.05))
    (fp_line (start 1.88 0.98) (end -1.88 0.98) (layer F.CrtYd) (width 0.05))
    (fp_text user %R (at 0 0 180) (layer F.Fab)
      (effects (font (size 0.5 0.5) (thickness 0.08)))
    )
    (pad 2 smd roundrect (at 1.0375 0) (size 1.175 1.45) (layers F.Cu F.Paste F.Mask) (roundrect_rratio 0.212766)
      (net 18 GND))
    (pad 1 smd roundrect (at -1.0375 0) (size 1.175 1.45) (layers F.Cu F.Paste F.Mask) (roundrect_rratio 0.212766)
      (net 121 "Net-(B20-Pad1)"))
    (model ${KISYS3DMOD}/Capacitor_SMD.3dshapes/C_0805_2012Metric.wrl
      (at (xyz 0 0 0))
      (scale (xyz 1 1 1))
      (rotate (xyz 0 0 0))
    )
  )

  (module Capacitor_SMD:C_0805_2012Metric_Pad1.18x1.45mm_HandSolder (layer B.Cu) (tedit 5F68FEEF) (tstamp 623F4954)
    (at 120.04 93.2075 270)
    (descr "Capacitor SMD 0805 (2012 Metric), square (rectangular) end terminal, IPC_7351 nominal with elongated pad for handsoldering. (Body size source: IPC-SM-782 page 76, https://www.pcb-3d.com/wordpress/wp-content/uploads/ipc-sm-782a_amendment_1_and_2.pdf, https://docs.google.com/spreadsheets/d/1BsfQQcO9C6DZCsRaXUlFlo91Tg2WpOkGARC1WS5S8t0/edit?usp=sharing), generated with kicad-footprint-generator")
    (tags "capacitor handsolder")
    (path /62A6DF54)
    (attr smd)
    (fp_text reference B2 (at 0 1.68 90) (layer B.SilkS)
      (effects (font (size 1 1) (thickness 0.15)) (justify mirror))
    )
    (fp_text value 100n (at 0 -1.68 90) (layer B.Fab)
      (effects (font (size 1 1) (thickness 0.15)) (justify mirror))
    )
    (fp_line (start -1 -0.625) (end -1 0.625) (layer B.Fab) (width 0.1))
    (fp_line (start -1 0.625) (end 1 0.625) (layer B.Fab) (width 0.1))
    (fp_line (start 1 0.625) (end 1 -0.625) (layer B.Fab) (width 0.1))
    (fp_line (start 1 -0.625) (end -1 -0.625) (layer B.Fab) (width 0.1))
    (fp_line (start -0.261252 0.735) (end 0.261252 0.735) (layer B.SilkS) (width 0.12))
    (fp_line (start -0.261252 -0.735) (end 0.261252 -0.735) (layer B.SilkS) (width 0.12))
    (fp_line (start -1.88 -0.98) (end -1.88 0.98) (layer B.CrtYd) (width 0.05))
    (fp_line (start -1.88 0.98) (end 1.88 0.98) (layer B.CrtYd) (width 0.05))
    (fp_line (start 1.88 0.98) (end 1.88 -0.98) (layer B.CrtYd) (width 0.05))
    (fp_line (start 1.88 -0.98) (end -1.88 -0.98) (layer B.CrtYd) (width 0.05))
    (fp_text user %R (at 0 0 90) (layer B.Fab)
      (effects (font (size 0.5 0.5) (thickness 0.08)) (justify mirror))
    )
    (pad 1 smd roundrect (at -1.0375 0 270) (size 1.175 1.45) (layers B.Cu B.Paste B.Mask) (roundrect_rratio 0.212766)
      (net 58 "Net-(B2-Pad1)"))
    (pad 2 smd roundrect (at 1.0375 0 270) (size 1.175 1.45) (layers B.Cu B.Paste B.Mask) (roundrect_rratio 0.212766)
      (net 98 "Net-(B2-Pad2)"))
    (model ${KISYS3DMOD}/Capacitor_SMD.3dshapes/C_0805_2012Metric.wrl
      (at (xyz 0 0 0))
      (scale (xyz 1 1 1))
      (rotate (xyz 0 0 0))
    )
  )

  (module Package_SO:TSSOP-20_4.4x6.5mm_P0.65mm (layer F.Cu) (tedit 5E476F32) (tstamp 61E06D3B)
    (at 165 114 180)
    (descr "TSSOP, 20 Pin (JEDEC MO-153 Var AC https://www.jedec.org/document_search?search_api_views_fulltext=MO-153), generated with kicad-footprint-generator ipc_gullwing_generator.py")
    (tags "TSSOP SO")
    (path /621A9003)
    (attr smd)
    (fp_text reference U7 (at -0.2 -4.4) (layer F.SilkS)
      (effects (font (size 1 1) (thickness 0.15)))
    )
    (fp_text value 74HCT541PW,118 (at 0 4.2) (layer F.Fab)
      (effects (font (size 1 1) (thickness 0.15)))
    )
    (fp_line (start 0 3.385) (end 2.2 3.385) (layer F.SilkS) (width 0.12))
    (fp_line (start 0 3.385) (end -2.2 3.385) (layer F.SilkS) (width 0.12))
    (fp_line (start 0 -3.385) (end 2.2 -3.385) (layer F.SilkS) (width 0.12))
    (fp_line (start 0 -3.385) (end -3.6 -3.385) (layer F.SilkS) (width 0.12))
    (fp_line (start -1.2 -3.25) (end 2.2 -3.25) (layer F.Fab) (width 0.1))
    (fp_line (start 2.2 -3.25) (end 2.2 3.25) (layer F.Fab) (width 0.1))
    (fp_line (start 2.2 3.25) (end -2.2 3.25) (layer F.Fab) (width 0.1))
    (fp_line (start -2.2 3.25) (end -2.2 -2.25) (layer F.Fab) (width 0.1))
    (fp_line (start -2.2 -2.25) (end -1.2 -3.25) (layer F.Fab) (width 0.1))
    (fp_line (start -3.85 -3.5) (end -3.85 3.5) (layer F.CrtYd) (width 0.05))
    (fp_line (start -3.85 3.5) (end 3.85 3.5) (layer F.CrtYd) (width 0.05))
    (fp_line (start 3.85 3.5) (end 3.85 -3.5) (layer F.CrtYd) (width 0.05))
    (fp_line (start 3.85 -3.5) (end -3.85 -3.5) (layer F.CrtYd) (width 0.05))
    (fp_text user %R (at 0 0) (layer F.Fab)
      (effects (font (size 1 1) (thickness 0.15)))
    )
    (pad 20 smd roundrect (at 2.8625 -2.925 180) (size 1.475 0.4) (layers F.Cu F.Paste F.Mask) (roundrect_rratio 0.25)
      (net 20 +5V))
    (pad 19 smd roundrect (at 2.8625 -2.275 180) (size 1.475 0.4) (layers F.Cu F.Paste F.Mask) (roundrect_rratio 0.25)
      (net 18 GND))
    (pad 18 smd roundrect (at 2.8625 -1.625 180) (size 1.475 0.4) (layers F.Cu F.Paste F.Mask) (roundrect_rratio 0.25)
      (net 49 "Net-(J4-Pad7)"))
    (pad 17 smd roundrect (at 2.8625 -0.975 180) (size 1.475 0.4) (layers F.Cu F.Paste F.Mask) (roundrect_rratio 0.25)
      (net 40 "Net-(R8-Pad2)"))
    (pad 16 smd roundrect (at 2.8625 -0.325 180) (size 1.475 0.4) (layers F.Cu F.Paste F.Mask) (roundrect_rratio 0.25)
      (net 47 "Net-(J4-Pad5)"))
    (pad 15 smd roundrect (at 2.8625 0.325 180) (size 1.475 0.4) (layers F.Cu F.Paste F.Mask) (roundrect_rratio 0.25)
      (net 48 "Net-(J4-Pad6)"))
    (pad 14 smd roundrect (at 2.8625 0.975 180) (size 1.475 0.4) (layers F.Cu F.Paste F.Mask) (roundrect_rratio 0.25)
      (net 45 "Net-(J4-Pad3)"))
    (pad 13 smd roundrect (at 2.8625 1.625 180) (size 1.475 0.4) (layers F.Cu F.Paste F.Mask) (roundrect_rratio 0.25)
      (net 46 "Net-(J4-Pad4)"))
    (pad 12 smd roundrect (at 2.8625 2.275 180) (size 1.475 0.4) (layers F.Cu F.Paste F.Mask) (roundrect_rratio 0.25)
      (net 44 "Net-(J4-Pad1)"))
    (pad 11 smd roundrect (at 2.8625 2.925 180) (size 1.475 0.4) (layers F.Cu F.Paste F.Mask) (roundrect_rratio 0.25)
      (net 83 "Net-(J4-Pad2)"))
    (pad 10 smd roundrect (at -2.8625 2.925 180) (size 1.475 0.4) (layers F.Cu F.Paste F.Mask) (roundrect_rratio 0.25)
      (net 18 GND))
    (pad 9 smd roundrect (at -2.8625 2.275 180) (size 1.475 0.4) (layers F.Cu F.Paste F.Mask) (roundrect_rratio 0.25)
      (net 91 Out2))
    (pad 8 smd roundrect (at -2.8625 1.625 180) (size 1.475 0.4) (layers F.Cu F.Paste F.Mask) (roundrect_rratio 0.25)
      (net 90 Out1))
    (pad 7 smd roundrect (at -2.8625 0.975 180) (size 1.475 0.4) (layers F.Cu F.Paste F.Mask) (roundrect_rratio 0.25)
      (net 93 Out4))
    (pad 6 smd roundrect (at -2.8625 0.325 180) (size 1.475 0.4) (layers F.Cu F.Paste F.Mask) (roundrect_rratio 0.25)
      (net 92 Out3))
    (pad 5 smd roundrect (at -2.8625 -0.325 180) (size 1.475 0.4) (layers F.Cu F.Paste F.Mask) (roundrect_rratio 0.25)
      (net 94 Out6))
    (pad 4 smd roundrect (at -2.8625 -0.975 180) (size 1.475 0.4) (layers F.Cu F.Paste F.Mask) (roundrect_rratio 0.25)
      (net 95 Out5))
    (pad 3 smd roundrect (at -2.8625 -1.625 180) (size 1.475 0.4) (layers F.Cu F.Paste F.Mask) (roundrect_rratio 0.25)
      (net 96 Out8))
    (pad 2 smd roundrect (at -2.8625 -2.275 180) (size 1.475 0.4) (layers F.Cu F.Paste F.Mask) (roundrect_rratio 0.25)
      (net 97 Out7))
    (pad 1 smd roundrect (at -2.8625 -2.925 180) (size 1.475 0.4) (layers F.Cu F.Paste F.Mask) (roundrect_rratio 0.25)
      (net 18 GND))
    (model ${KISYS3DMOD}/Package_SO.3dshapes/TSSOP-20_4.4x6.5mm_P0.65mm.wrl
      (at (xyz 0 0 0))
      (scale (xyz 1 1 1))
      (rotate (xyz 0 0 0))
    )
  )

  (module Resistor_SMD:R_0805_2012Metric_Pad1.20x1.40mm_HandSolder (layer B.Cu) (tedit 5F68FEEE) (tstamp 61FD9E90)
    (at 163.15 116.475 90)
    (descr "Resistor SMD 0805 (2012 Metric), square (rectangular) end terminal, IPC_7351 nominal with elongated pad for handsoldering. (Body size source: IPC-SM-782 page 72, https://www.pcb-3d.com/wordpress/wp-content/uploads/ipc-sm-782a_amendment_1_and_2.pdf), generated with kicad-footprint-generator")
    (tags "resistor handsolder")
    (path /625A027C)
    (attr smd)
    (fp_text reference R8 (at 0.415 2.12 270) (layer B.SilkS)
      (effects (font (size 1 1) (thickness 0.15)) (justify mirror))
    )
    (fp_text value 1K (at 0 -1.65 270) (layer B.Fab)
      (effects (font (size 1 1) (thickness 0.15)) (justify mirror))
    )
    (fp_line (start 1.85 -0.95) (end -1.85 -0.95) (layer B.CrtYd) (width 0.05))
    (fp_line (start 1.85 0.95) (end 1.85 -0.95) (layer B.CrtYd) (width 0.05))
    (fp_line (start -1.85 0.95) (end 1.85 0.95) (layer B.CrtYd) (width 0.05))
    (fp_line (start -1.85 -0.95) (end -1.85 0.95) (layer B.CrtYd) (width 0.05))
    (fp_line (start -0.227064 -0.735) (end 0.227064 -0.735) (layer B.SilkS) (width 0.12))
    (fp_line (start -0.227064 0.735) (end 0.227064 0.735) (layer B.SilkS) (width 0.12))
    (fp_line (start 1 -0.625) (end -1 -0.625) (layer B.Fab) (width 0.1))
    (fp_line (start 1 0.625) (end 1 -0.625) (layer B.Fab) (width 0.1))
    (fp_line (start -1 0.625) (end 1 0.625) (layer B.Fab) (width 0.1))
    (fp_line (start -1 -0.625) (end -1 0.625) (layer B.Fab) (width 0.1))
    (fp_text user %R (at 0 0 270) (layer B.Fab)
      (effects (font (size 0.5 0.5) (thickness 0.08)) (justify mirror))
    )
    (pad 1 smd roundrect (at -1 0 90) (size 1.2 1.4) (layers B.Cu B.Paste B.Mask) (roundrect_rratio 0.208333)
      (net 99 "Net-(C5-Pad1)"))
    (pad 2 smd roundrect (at 1 0 90) (size 1.2 1.4) (layers B.Cu B.Paste B.Mask) (roundrect_rratio 0.208333)
      (net 40 "Net-(R8-Pad2)"))
    (model ${KISYS3DMOD}/Resistor_SMD.3dshapes/R_0805_2012Metric.wrl
      (at (xyz 0 0 0))
      (scale (xyz 1 1 1))
      (rotate (xyz 0 0 0))
    )
  )

  (module Capacitor_SMD:C_0805_2012Metric_Pad1.18x1.45mm_HandSolder (layer B.Cu) (tedit 5F68FEEF) (tstamp 61FD9DDD)
    (at 160.875 110.85 90)
    (descr "Capacitor SMD 0805 (2012 Metric), square (rectangular) end terminal, IPC_7351 nominal with elongated pad for handsoldering. (Body size source: IPC-SM-782 page 76, https://www.pcb-3d.com/wordpress/wp-content/uploads/ipc-sm-782a_amendment_1_and_2.pdf, https://docs.google.com/spreadsheets/d/1BsfQQcO9C6DZCsRaXUlFlo91Tg2WpOkGARC1WS5S8t0/edit?usp=sharing), generated with kicad-footprint-generator")
    (tags "capacitor handsolder")
    (path /625A38D5)
    (attr smd)
    (fp_text reference C5 (at 1.77 2.375 180) (layer B.SilkS)
      (effects (font (size 1 1) (thickness 0.15)) (justify mirror))
    )
    (fp_text value 1u (at 0 -1.68 90) (layer B.Fab)
      (effects (font (size 1 1) (thickness 0.15)) (justify mirror))
    )
    (fp_line (start 1.88 -0.98) (end -1.88 -0.98) (layer B.CrtYd) (width 0.05))
    (fp_line (start 1.88 0.98) (end 1.88 -0.98) (layer B.CrtYd) (width 0.05))
    (fp_line (start -1.88 0.98) (end 1.88 0.98) (layer B.CrtYd) (width 0.05))
    (fp_line (start -1.88 -0.98) (end -1.88 0.98) (layer B.CrtYd) (width 0.05))
    (fp_line (start -0.261252 -0.735) (end 0.261252 -0.735) (layer B.SilkS) (width 0.12))
    (fp_line (start -0.261252 0.735) (end 0.261252 0.735) (layer B.SilkS) (width 0.12))
    (fp_line (start 1 -0.625) (end -1 -0.625) (layer B.Fab) (width 0.1))
    (fp_line (start 1 0.625) (end 1 -0.625) (layer B.Fab) (width 0.1))
    (fp_line (start -1 0.625) (end 1 0.625) (layer B.Fab) (width 0.1))
    (fp_line (start -1 -0.625) (end -1 0.625) (layer B.Fab) (width 0.1))
    (fp_text user %R (at 0 0 90) (layer B.Fab)
      (effects (font (size 0.5 0.5) (thickness 0.08)) (justify mirror))
    )
    (pad 1 smd roundrect (at -1.0375 0 90) (size 1.175 1.45) (layers B.Cu B.Paste B.Mask) (roundrect_rratio 0.212766)
      (net 99 "Net-(C5-Pad1)"))
    (pad 2 smd roundrect (at 1.0375 0 90) (size 1.175 1.45) (layers B.Cu B.Paste B.Mask) (roundrect_rratio 0.212766)
      (net 18 GND))
    (model ${KISYS3DMOD}/Capacitor_SMD.3dshapes/C_0805_2012Metric.wrl
      (at (xyz 0 0 0))
      (scale (xyz 1 1 1))
      (rotate (xyz 0 0 0))
    )
  )

  (module Capacitor_SMD:C_0805_2012Metric_Pad1.18x1.45mm_HandSolder (layer F.Cu) (tedit 5F68FEEF) (tstamp 61DB2525)
    (at 123.8 116.6)
    (descr "Capacitor SMD 0805 (2012 Metric), square (rectangular) end terminal, IPC_7351 nominal with elongated pad for handsoldering. (Body size source: IPC-SM-782 page 76, https://www.pcb-3d.com/wordpress/wp-content/uploads/ipc-sm-782a_amendment_1_and_2.pdf, https://docs.google.com/spreadsheets/d/1BsfQQcO9C6DZCsRaXUlFlo91Tg2WpOkGARC1WS5S8t0/edit?usp=sharing), generated with kicad-footprint-generator")
    (tags "capacitor handsolder")
    (path /61FC6284)
    (attr smd)
    (fp_text reference C1 (at 0 -1.68) (layer F.SilkS)
      (effects (font (size 1 1) (thickness 0.15)))
    )
    (fp_text value 1500p (at 0 1.68) (layer F.Fab)
      (effects (font (size 1 1) (thickness 0.15)))
    )
    (fp_line (start -1 0.625) (end -1 -0.625) (layer F.Fab) (width 0.1))
    (fp_line (start -1 -0.625) (end 1 -0.625) (layer F.Fab) (width 0.1))
    (fp_line (start 1 -0.625) (end 1 0.625) (layer F.Fab) (width 0.1))
    (fp_line (start 1 0.625) (end -1 0.625) (layer F.Fab) (width 0.1))
    (fp_line (start -0.261252 -0.735) (end 0.261252 -0.735) (layer F.SilkS) (width 0.12))
    (fp_line (start -0.261252 0.735) (end 0.261252 0.735) (layer F.SilkS) (width 0.12))
    (fp_line (start -1.88 0.98) (end -1.88 -0.98) (layer F.CrtYd) (width 0.05))
    (fp_line (start -1.88 -0.98) (end 1.88 -0.98) (layer F.CrtYd) (width 0.05))
    (fp_line (start 1.88 -0.98) (end 1.88 0.98) (layer F.CrtYd) (width 0.05))
    (fp_line (start 1.88 0.98) (end -1.88 0.98) (layer F.CrtYd) (width 0.05))
    (fp_text user %R (at 0 0) (layer F.Fab)
      (effects (font (size 0.5 0.5) (thickness 0.08)))
    )
    (pad 1 smd roundrect (at -1.0375 0) (size 1.175 1.45) (layers F.Cu F.Paste F.Mask) (roundrect_rratio 0.212766)
      (net 13 "Net-(C1-Pad1)"))
    (pad 2 smd roundrect (at 1.0375 0) (size 1.175 1.45) (layers F.Cu F.Paste F.Mask) (roundrect_rratio 0.212766)
      (net 14 "Net-(C1-Pad2)"))
    (model ${KISYS3DMOD}/Capacitor_SMD.3dshapes/C_0805_2012Metric.wrl
      (at (xyz 0 0 0))
      (scale (xyz 1 1 1))
      (rotate (xyz 0 0 0))
    )
  )

  (module Capacitor_SMD:C_0805_2012Metric_Pad1.18x1.45mm_HandSolder (layer F.Cu) (tedit 5F68FEEF) (tstamp 61DB2536)
    (at 119 116.6)
    (descr "Capacitor SMD 0805 (2012 Metric), square (rectangular) end terminal, IPC_7351 nominal with elongated pad for handsoldering. (Body size source: IPC-SM-782 page 76, https://www.pcb-3d.com/wordpress/wp-content/uploads/ipc-sm-782a_amendment_1_and_2.pdf, https://docs.google.com/spreadsheets/d/1BsfQQcO9C6DZCsRaXUlFlo91Tg2WpOkGARC1WS5S8t0/edit?usp=sharing), generated with kicad-footprint-generator")
    (tags "capacitor handsolder")
    (path /620251CD)
    (attr smd)
    (fp_text reference C2 (at 0 -1.68) (layer F.SilkS)
      (effects (font (size 1 1) (thickness 0.15)))
    )
    (fp_text value 1500p (at 0 1.68) (layer F.Fab)
      (effects (font (size 1 1) (thickness 0.15)))
    )
    (fp_line (start 1.88 0.98) (end -1.88 0.98) (layer F.CrtYd) (width 0.05))
    (fp_line (start 1.88 -0.98) (end 1.88 0.98) (layer F.CrtYd) (width 0.05))
    (fp_line (start -1.88 -0.98) (end 1.88 -0.98) (layer F.CrtYd) (width 0.05))
    (fp_line (start -1.88 0.98) (end -1.88 -0.98) (layer F.CrtYd) (width 0.05))
    (fp_line (start -0.261252 0.735) (end 0.261252 0.735) (layer F.SilkS) (width 0.12))
    (fp_line (start -0.261252 -0.735) (end 0.261252 -0.735) (layer F.SilkS) (width 0.12))
    (fp_line (start 1 0.625) (end -1 0.625) (layer F.Fab) (width 0.1))
    (fp_line (start 1 -0.625) (end 1 0.625) (layer F.Fab) (width 0.1))
    (fp_line (start -1 -0.625) (end 1 -0.625) (layer F.Fab) (width 0.1))
    (fp_line (start -1 0.625) (end -1 -0.625) (layer F.Fab) (width 0.1))
    (fp_text user %R (at 0 0) (layer F.Fab)
      (effects (font (size 0.5 0.5) (thickness 0.08)))
    )
    (pad 2 smd roundrect (at 1.0375 0) (size 1.175 1.45) (layers F.Cu F.Paste F.Mask) (roundrect_rratio 0.212766)
      (net 13 "Net-(C1-Pad1)"))
    (pad 1 smd roundrect (at -1.0375 0) (size 1.175 1.45) (layers F.Cu F.Paste F.Mask) (roundrect_rratio 0.212766)
      (net 15 "Net-(C2-Pad1)"))
    (model ${KISYS3DMOD}/Capacitor_SMD.3dshapes/C_0805_2012Metric.wrl
      (at (xyz 0 0 0))
      (scale (xyz 1 1 1))
      (rotate (xyz 0 0 0))
    )
  )

  (module Capacitor_SMD:C_0805_2012Metric_Pad1.18x1.45mm_HandSolder (layer F.Cu) (tedit 5F68FEEF) (tstamp 61DB2547)
    (at 114.6 116.6)
    (descr "Capacitor SMD 0805 (2012 Metric), square (rectangular) end terminal, IPC_7351 nominal with elongated pad for handsoldering. (Body size source: IPC-SM-782 page 76, https://www.pcb-3d.com/wordpress/wp-content/uploads/ipc-sm-782a_amendment_1_and_2.pdf, https://docs.google.com/spreadsheets/d/1BsfQQcO9C6DZCsRaXUlFlo91Tg2WpOkGARC1WS5S8t0/edit?usp=sharing), generated with kicad-footprint-generator")
    (tags "capacitor handsolder")
    (path /62025C4B)
    (attr smd)
    (fp_text reference C3 (at 0 -1.68) (layer F.SilkS)
      (effects (font (size 1 1) (thickness 0.15)))
    )
    (fp_text value 1500p (at 0 1.68) (layer F.Fab)
      (effects (font (size 1 1) (thickness 0.15)))
    )
    (fp_line (start -1 0.625) (end -1 -0.625) (layer F.Fab) (width 0.1))
    (fp_line (start -1 -0.625) (end 1 -0.625) (layer F.Fab) (width 0.1))
    (fp_line (start 1 -0.625) (end 1 0.625) (layer F.Fab) (width 0.1))
    (fp_line (start 1 0.625) (end -1 0.625) (layer F.Fab) (width 0.1))
    (fp_line (start -0.261252 -0.735) (end 0.261252 -0.735) (layer F.SilkS) (width 0.12))
    (fp_line (start -0.261252 0.735) (end 0.261252 0.735) (layer F.SilkS) (width 0.12))
    (fp_line (start -1.88 0.98) (end -1.88 -0.98) (layer F.CrtYd) (width 0.05))
    (fp_line (start -1.88 -0.98) (end 1.88 -0.98) (layer F.CrtYd) (width 0.05))
    (fp_line (start 1.88 -0.98) (end 1.88 0.98) (layer F.CrtYd) (width 0.05))
    (fp_line (start 1.88 0.98) (end -1.88 0.98) (layer F.CrtYd) (width 0.05))
    (fp_text user %R (at 0 0) (layer F.Fab)
      (effects (font (size 0.5 0.5) (thickness 0.08)))
    )
    (pad 1 smd roundrect (at -1.0375 0) (size 1.175 1.45) (layers F.Cu F.Paste F.Mask) (roundrect_rratio 0.212766)
      (net 16 "Net-(C3-Pad1)"))
    (pad 2 smd roundrect (at 1.0375 0) (size 1.175 1.45) (layers F.Cu F.Paste F.Mask) (roundrect_rratio 0.212766)
      (net 15 "Net-(C2-Pad1)"))
    (model ${KISYS3DMOD}/Capacitor_SMD.3dshapes/C_0805_2012Metric.wrl
      (at (xyz 0 0 0))
      (scale (xyz 1 1 1))
      (rotate (xyz 0 0 0))
    )
  )

  (module hermeslite:SOT23_3 (layer F.Cu) (tedit 581E9415) (tstamp 61DB2574)
    (at 131.9 89.8 270)
    (path /61EDE6F1)
    (fp_text reference Q1 (at 2.4 -0.9 180) (layer F.SilkS)
      (effects (font (size 0.8 0.8) (thickness 0.1)))
    )
    (fp_text value NUD3160LT1G (at 0 -3.4 90) (layer F.Fab)
      (effects (font (size 0.8 0.8) (thickness 0.1)))
    )
    (fp_line (start 1.6 -2.6) (end -1.6 -2.6) (layer F.SilkS) (width 0.1))
    (fp_line (start -1.6 -2.6) (end -1.6 0.6) (layer F.SilkS) (width 0.1))
    (fp_line (start -1.6 0.6) (end 1.6 0.6) (layer F.SilkS) (width 0.1))
    (fp_line (start 1.6 0.6) (end 1.6 -2.6) (layer F.SilkS) (width 0.1))
    (pad 1 smd rect (at -0.95 0 270) (size 0.8 0.9) (layers F.Cu F.Paste F.Mask)
      (net 101 GPIO3))
    (pad 3 smd rect (at 0 -2 270) (size 0.8 0.9) (layers F.Cu F.Paste F.Mask)
      (net 73 "Net-(J1-Pad25)"))
    (pad 2 smd rect (at 0.95 0 270) (size 0.8 0.9) (layers F.Cu F.Paste F.Mask)
      (net 18 GND))
  )

  (module Resistor_SMD:R_0805_2012Metric_Pad1.20x1.40mm_HandSolder (layer F.Cu) (tedit 5F68FEEE) (tstamp 61DB2596)
    (at 106 89.4 180)
    (descr "Resistor SMD 0805 (2012 Metric), square (rectangular) end terminal, IPC_7351 nominal with elongated pad for handsoldering. (Body size source: IPC-SM-782 page 72, https://www.pcb-3d.com/wordpress/wp-content/uploads/ipc-sm-782a_amendment_1_and_2.pdf), generated with kicad-footprint-generator")
    (tags "resistor handsolder")
    (path /6203C1A0)
    (attr smd)
    (fp_text reference R2 (at 1.8 2) (layer F.SilkS)
      (effects (font (size 1 1) (thickness 0.15)))
    )
    (fp_text value 51 (at 0 1.65) (layer F.Fab)
      (effects (font (size 1 1) (thickness 0.15)))
    )
    (fp_line (start 1.85 0.95) (end -1.85 0.95) (layer F.CrtYd) (width 0.05))
    (fp_line (start 1.85 -0.95) (end 1.85 0.95) (layer F.CrtYd) (width 0.05))
    (fp_line (start -1.85 -0.95) (end 1.85 -0.95) (layer F.CrtYd) (width 0.05))
    (fp_line (start -1.85 0.95) (end -1.85 -0.95) (layer F.CrtYd) (width 0.05))
    (fp_line (start -0.227064 0.735) (end 0.227064 0.735) (layer F.SilkS) (width 0.12))
    (fp_line (start -0.227064 -0.735) (end 0.227064 -0.735) (layer F.SilkS) (width 0.12))
    (fp_line (start 1 0.625) (end -1 0.625) (layer F.Fab) (width 0.1))
    (fp_line (start 1 -0.625) (end 1 0.625) (layer F.Fab) (width 0.1))
    (fp_line (start -1 -0.625) (end 1 -0.625) (layer F.Fab) (width 0.1))
    (fp_line (start -1 0.625) (end -1 -0.625) (layer F.Fab) (width 0.1))
    (fp_text user %R (at 0 0) (layer F.Fab)
      (effects (font (size 0.5 0.5) (thickness 0.08)))
    )
    (pad 2 smd roundrect (at 1 0 180) (size 1.2 1.4) (layers F.Cu F.Paste F.Mask) (roundrect_rratio 0.208333)
      (net 18 GND))
    (pad 1 smd roundrect (at -1 0 180) (size 1.2 1.4) (layers F.Cu F.Paste F.Mask) (roundrect_rratio 0.208333)
      (net 123 "Net-(J10-Pad1)"))
    (model ${KISYS3DMOD}/Resistor_SMD.3dshapes/R_0805_2012Metric.wrl
      (at (xyz 0 0 0))
      (scale (xyz 1 1 1))
      (rotate (xyz 0 0 0))
    )
  )

  (module Resistor_SMD:R_0805_2012Metric_Pad1.20x1.40mm_HandSolder (layer F.Cu) (tedit 5F68FEEE) (tstamp 61DB25A7)
    (at 109.8 90.4 90)
    (descr "Resistor SMD 0805 (2012 Metric), square (rectangular) end terminal, IPC_7351 nominal with elongated pad for handsoldering. (Body size source: IPC-SM-782 page 72, https://www.pcb-3d.com/wordpress/wp-content/uploads/ipc-sm-782a_amendment_1_and_2.pdf), generated with kicad-footprint-generator")
    (tags "resistor handsolder")
    (path /6203D3F7)
    (attr smd)
    (fp_text reference R3 (at -2.6 -1.08) (layer F.SilkS)
      (effects (font (size 1 1) (thickness 0.15)))
    )
    (fp_text value 470 (at 0 1.65 90) (layer F.Fab)
      (effects (font (size 1 1) (thickness 0.15)))
    )
    (fp_line (start 1.85 0.95) (end -1.85 0.95) (layer F.CrtYd) (width 0.05))
    (fp_line (start 1.85 -0.95) (end 1.85 0.95) (layer F.CrtYd) (width 0.05))
    (fp_line (start -1.85 -0.95) (end 1.85 -0.95) (layer F.CrtYd) (width 0.05))
    (fp_line (start -1.85 0.95) (end -1.85 -0.95) (layer F.CrtYd) (width 0.05))
    (fp_line (start -0.227064 0.735) (end 0.227064 0.735) (layer F.SilkS) (width 0.12))
    (fp_line (start -0.227064 -0.735) (end 0.227064 -0.735) (layer F.SilkS) (width 0.12))
    (fp_line (start 1 0.625) (end -1 0.625) (layer F.Fab) (width 0.1))
    (fp_line (start 1 -0.625) (end 1 0.625) (layer F.Fab) (width 0.1))
    (fp_line (start -1 -0.625) (end 1 -0.625) (layer F.Fab) (width 0.1))
    (fp_line (start -1 0.625) (end -1 -0.625) (layer F.Fab) (width 0.1))
    (fp_text user %R (at 0 0 90) (layer F.Fab)
      (effects (font (size 0.5 0.5) (thickness 0.08)))
    )
    (pad 2 smd roundrect (at 1 0 90) (size 1.2 1.4) (layers F.Cu F.Paste F.Mask) (roundrect_rratio 0.208333)
      (net 123 "Net-(J10-Pad1)"))
    (pad 1 smd roundrect (at -1 0 90) (size 1.2 1.4) (layers F.Cu F.Paste F.Mask) (roundrect_rratio 0.208333)
      (net 29 "Net-(B8-Pad1)"))
    (model ${KISYS3DMOD}/Resistor_SMD.3dshapes/R_0805_2012Metric.wrl
      (at (xyz 0 0 0))
      (scale (xyz 1 1 1))
      (rotate (xyz 0 0 0))
    )
  )

  (module Package_TO_SOT_SMD:SOT-23-6_Handsoldering (layer F.Cu) (tedit 5A02FF57) (tstamp 61DB25CE)
    (at 116.2 90.6 270)
    (descr "6-pin SOT-23 package, Handsoldering")
    (tags "SOT-23-6 Handsoldering")
    (path /61EDD856)
    (attr smd)
    (fp_text reference U2 (at 1.64 -2.87 180) (layer F.SilkS)
      (effects (font (size 1 1) (thickness 0.15)))
    )
    (fp_text value MASWSS0179TR-3000 (at 0 2.9 90) (layer F.Fab)
      (effects (font (size 1 1) (thickness 0.15)))
    )
    (fp_line (start -0.9 1.61) (end 0.9 1.61) (layer F.SilkS) (width 0.12))
    (fp_line (start 0.9 -1.61) (end -2.05 -1.61) (layer F.SilkS) (width 0.12))
    (fp_line (start -2.4 1.8) (end -2.4 -1.8) (layer F.CrtYd) (width 0.05))
    (fp_line (start 2.4 1.8) (end -2.4 1.8) (layer F.CrtYd) (width 0.05))
    (fp_line (start 2.4 -1.8) (end 2.4 1.8) (layer F.CrtYd) (width 0.05))
    (fp_line (start -2.4 -1.8) (end 2.4 -1.8) (layer F.CrtYd) (width 0.05))
    (fp_line (start -0.9 -0.9) (end -0.25 -1.55) (layer F.Fab) (width 0.1))
